1000 500
44 92
29 2
25 75
32 66
26 18
27 10
37 82
34 54
20 3
8 6
17 25
6 76
10 77
46 22
4 88
13 88
50 79
12 73
37 75
2 22
34 23
4 23
3 16
17 45
31 85
43 31
38 7
2 5
23 90
29 70
8 77
7 52
46 30
39 34
38 85
40 73
45 79
13 47
29 86
12 32
32 23
27 65
29 11
7 3
46 46
20 76
9 89
44 37
21 82
27 91
10 29
36 13
4 49
25 2
48 27
27 35
8 42
29 1
44 40
42 40
49 84
32 62
38 89
11 53
5 78
3 86
24 86
6 20
20 9
10 40
24 28
32 55
45 38
17 93
35 87
17 67
18 49
38 11
32 96
25 25
8 66
25 58
4 29
10 53
25 76
15 14
47 4
5 10
17 14
21 30
14 67
11 83
44 24
24 74
46 88
46 30
17 76
28 11
24 85
4 52
3 70
46 74
38 96
24 98
35 82
48 68
40 57
7 6
22 70
39 69
36 30
49 59
16 70
39 16
33 75
37 40
7 54
26 69
25 31
25 1
11 63
47 28
12 53
21 99
16 55
5 79
14 48
49 15
45 20
16 11
28 42
24 27
13 65
34 16
18 30
38 85
44 81
34 60
31 10
30 10
10 82
29 84
12 26
8 88
31 75
11 95
49 19
20 64
31 15
12 93
2 5
39 61
38 3
48 50
1 41
19 35
40 36
24 64
30 99
35 17
19 87
39 72
14 65
9 23
4 55
33 82
29 55
2 24
31 38
10 48
30 49
39 86
11 36
34 67
39 68
47 53
9 83
25 7
35 61
39 56
37 9
26 94
36 40
23 20
34 66
50 36
43 27
16 55
36 47
12 70
14 85
40 66
21 99
4 98
6 79
33 99
47 78
37 40
35 10
30 8
23 10
11 65
22 94
4 54
25 36
43 15
44 61
24 7
41 13
6 10
23 50
44 36
40 34
3 98
34 2
30 96
15 30
46 78
49 59
22 39
48 48
17 47
14 64
16 76
29 71
28 39
42 27
19 68
26 60
25 43
34 83
38 8
46 67
3 25
13 86
47 55
37 35
44 74
4 87
49 21
46 97
5 50
15 53
34 41
1 41
13 15
17 39
16 20
18 61
42 17
34 66
36 20
15 20
22 37
2 14
32 6
7 92
3 69
2 65
44 20
45 40
39 22
40 82
23 52
42 99
18 30
39 43
3 43
42 3
45 42
46 52
50 47
14 23
15 22
45 54
44 86
29 94
6 4
9 49
22 76
26 6
32 8
8 58
48 45
12 89
23 27
45 98
21 5
3 71
47 3
24 37
12 33
25 10
9 97
2 32
13 81
20 45
27 59
39 71
11 60
24 94
22 30
28 39
19 90
16 24
50 70
43 53
37 75
39 9
21 5
32 46
3 33
7 93
42 91
1 1
8 78
45 69
4 89
45 56
1 31
46 5
17 13
3 68
1 3
1 79
11 32
33 36
42 17
7 94
29 45
16 57
5 62
47 11
11 71
46 53
50 5
8 51
22 22
27 35
14 92
6 19
43 46
43 29
45 70
28 71
30 91
10 7
43 31
22 20
12 12
38 53
42 34
50 33
33 84
44 32
33 36
26 2
39 48
18 18
39 38
29 84
22 2
8 74
25 19
45 7
4 75
27 76
18 60
44 4
45 55
14 31
42 6
27 7
6 36
31 46
40 55
6 2
38 15
28 70
48 73
50 20
30 98
27 64
27 73
28 52
17 87
23 23
1 94
20 55
39 43
33 86
1 68
10 37
42 64
20 72
6 89
1 52
24 8
16 46
33 11
14 4
50 32
38 93
34 36
44 5
14 66
20 62
11 4
11 36
25 51
37 72
18 47
4 99
4 37
11 49
43 61
11 100
41 6
15 49
44 20
19 26
20 35
28 61
42 45
45 92
24 78
20 25
18 43
12 100
29 81
3 83
8 26
4 49
14 61
14 54
10 82
5 62
38 80
47 91
45 18
7 1
17 43
31 8
33 53
23 100
18 69
28 52
40 60
11 39
23 45
12 32
22 74
43 60
44 28
2 86
28 99
43 38
49 76
14 88
16 5
29 86
40 59
34 85
47 62
6 93
17 6
42 64
17 64
3 77
27 71
20 99
32 12
32 79
39 11
7 90
35 39
30 19
38 12
47 2
2 16
10 12
5 57
22 18
8 100
29 44
4 100
35 13
38 33
44 45
19 75
8 98
19 80
48 99
50 20
18 42
32 54
21 3
23 44
6 89
5 82
49 66
19 77
13 66
42 86
1 32
16 64
25 83
40 34
36 1
26 8
19 41
16 24
3 79
6 44
20 30
43 59
46 54
28 57
42 18
19 75
44 39
34 6
18 41
31 90
3 41
29 62
18 21
5 91
7 96
13 2
8 49
22 57
21 29
32 28
45 90
1 56
1 75
8 93
34 29
23 21
44 9
32 8
12 31
15 65
39 49
49 60
49 45
35 58
30 14
28 14
20 58
35 65
2 55
29 17
2 23
40 77
9 98
35 64
42 42
40 75
2 75
46 92
10 74
37 56
49 46
5 99
11 21
30 23
46 4
5 70
11 26
49 96
14 51
37 20
28 16
35 97
12 81
2 73
47 85
26 61
20 65
47 72
1 3
3 28
41 85
35 8
13 99
15 61
48 10
42 91
18 5
49 60
11 87
38 42
48 82
47 64
8 86
37 15
11 22
50 2
25 68
17 20
35 90
28 39
19 91
7 97
3 54
42 2
36 19
7 37
8 28
39 8
32 98
46 81
33 48
31 39
23 98
22 92
21 6
43 48
37 91
41 53
23 99
7 17
7 39
36 29
39 8
2 83
12 96
48 18
23 9
18 25
1 29
3 81
19 11
23 51
49 41
38 77
22 27
41 75
28 55
15 54
25 65
32 28
38 85
4 43
12 94
23 22
40 85
22 4
48 30
28 96
7 83
19 16
34 23
42 34
8 12
32 48
49 100
18 31
38 76
24 2
34 78
22 44
44 1
22 79
26 7
10 11
46 30
33 18
38 58
15 29
46 66
34 11
37 4
47 96
42 86
13 9
5 67
38 86
1 50
20 24
47 77
22 76
24 36
3 59
9 97
13 80
6 76
10 43
11 58
46 43
31 75
18 75
17 14
20 92
22 48
32 54
19 37
21 83
33 1
19 88
3 27
32 90
8 10
49 76
36 38
8 40
44 74
17 11
43 5
43 53
33 49
33 16
7 2
48 76
2 57
47 79
12 57
46 9
6 46
32 43
8 35
1 39
3 91
32 95
13 12
47 83
1 84
44 28
42 49
34 47
33 83
30 77
18 59
26 72
10 65
17 70
30 74
39 5
50 7
12 2
7 67
1 69
44 55
27 33
30 42
25 4
25 95
25 54
2 24
19 27
45 26
42 90
8 30
15 52
46 42
3 40
25 88
45 51
50 39
47 43
41 72
9 4
4 54
48 55
1 1
34 39
30 91
8 96
30 72
48 13
11 60
43 81
9 90
41 22
26 55
20 2
21 51
39 49
26 24
28 50
6 29
42 86
13 32
22 14
9 59
4 69
9 59
32 33
30 7
37 48
2 60
1 22
47 85
26 65
20 44
4 13
40 77
7 33
16 62
26 38
25 40
42 46
13 54
1 100
49 99
30 86
42 21
47 75
34 67
28 18
2 27
28 78
50 28
39 56
31 33
35 58
29 55
1 90
33 27
41 18
47 84
10 4
43 11
32 5
37 84
46 62
40 96
29 19
19 99
27 84
15 72
10 100
7 3
31 27
44 66
16 59
8 67
13 55
47 77
39 16
7 77
11 63
3 76
50 3
12 90
22 59
19 80
25 19
17 36
7 35
48 41
28 55
2 15
36 37
8 72
14 48
23 49
15 75
1 38
39 98
4 28
32 38
41 64
48 2
2 36
20 69
41 21
49 75
34 49
6 68
35 60
48 74
46 54
10 61
28 91
15 3
19 97
16 30
35 41
24 71
8 36
4 5
14 53
15 85
16 84
39 78
28 8
24 28
37 8
45 37
29 51
16 52
35 6
23 58
7 99
45 13
17 99
35 62
23 90
43 82
42 54
20 17
34 93
24 48
17 84
28 99
8 9
15 76
16 55
49 25
33 1
27 12
32 39
22 50
44 27
6 67
13 87
24 80
23 98
21 100
6 42
47 27
48 61
41 71
11 63
1 21
26 83
20 20
45 64
1 20
8 66
25 67
29 36
5 78
17 48
34 18
10 37
18 49
9 49
40 1
43 47
48 81
35 26
15 85
26 75
48 8
15 47
1 77
47 41
13 73
43 6
45 36
42 14
18 77
49 14
13 27
2 43
34 25
28 46
30 24
42 60
7 67
35 55
42 59
9 69
41 8
29 13
31 52
14 4
17 35
31 47
28 75
14 78
3 85
29 2
32 51
5 98
29 63
39 46
20 8
43 77
13 75
22 81
25 29
42 68
50 67
37 38
12 6
27 4
6 45
27 95
30 79
34 93
12 13
39 83
1 79
48 76
43 82
